124.216301
125.497498
124.166641
128.735229
129.261627
129.837662
132.578827
132.499374
133.840149
135.012115
134.287094
134.34668
136.928925
140.14682
141.557129
140.891693
142.977356
144.933899
142.023926
143.305115
144.437317
149.790558
153.445419
150.694321
153.594391
150.883026
149.840195
150.208237
153.033157
152.386597
154.505295
152.893906
151.740067
147.691666
148.11937
148.606766
145.931061
147.134628
146.62735
144.538513
145.135315
150.228119
153.013275
150.79512
152.058365
149.790466
147.711578
149.671112
151.779831
152.177734
155.022537
154.177048
156.564301
158.434326
156.99202
158.086182
159.39917
157.439636
156.812973
159.916428
161.497971
164.024475
165.287735
164.75061
162.890533
163.785767
161.169739
159.946259
159.249985
164.680969
164.33284
164.352737
165.586151
166.740005
165.765198
164.14386
164.452194
162.900482
162.890533
167.515854
168.779114
168.689575
167.645157
166.560959
164.90976
172.648468
172.578827
170.858017
172.638504
172.827499
171.89119
171.393173
171.393173
172.010727
174.36145
174.471008
173.514786
170.885178
171.164063
172.30954
174.739944
176.602585
176.55278
179.381607
180.238235
178.873627
178.505096
177.120544
179.859726
180.248199
183.067062
182.588943
183.226425
185.27832
184.192612
184.282257
183.236389
186.264435
185.945679
184.541245
187.320251
188.505569
188.844238
193.207016
191.702972
190.577408
191.055511
189.929947
187.868103
187.340195
189.023544
189.790497
189.939926
193.226944
192.967957
194.332565
192.370331
191.185013
191.991806
192.858398
193.734924
192.459961
195.059708
195.677261
194.840561
191.822479
190.41803
181.274155
178.1465
179.092743
177.489105
177.269943
177.329788
178.995499
176.990677
176.112961
173.549622
174.038361
175.384842
176.771255
180.651184
175.923462
178.14769
179.723602
183.643402
187.164276
187.383698
188.969589
189.208969
182.436539
177.100388
177.718781
178.895737
175.843674
173.759079
175.28511
174.556992
177.509338
178.606491
175.035751
173.479782
174.33757
175.624237
171.514893
169.988846
170.248184
170.766846
173.300247
171.953735
173.210495
174.45726
177.030579
178.526703
177.928253
179.334595
180.242249
178.38707
178.257385
176.691452
175.384842
175.005844
172.43251
172.5522
172.991058
170.65712
166.458008
167.784561
169.849197
170.327972
173.519684
177.110367
176.192734
178.766068
181.349365
182.416595
181.937836
186.162445
184.564499
187.201126
187.770386
189.468246
189.448257
191.206009
190.397049
191.066193
189.727905
189.548126
190.157349
189.128662
189.707916
190.996292
189.188583
193.173508
192.074921
194.02243
195.460587
192.933807
194.461868
197.707718
197.857529
197.318222
195.64035
196.689026
194.581711
194.431885
193.353287
192.803986
192.903839
193.333298
192.284637
